248.719 1119.11
248.721 1119.08
248.738 1119.06
248.704 1119.02
524.003 392.165
267.391 633.2
253.39 643.042
220.539 664.98
688.656 449.65
305.045 609.486
685.225 450.927
161.903 709.998
162.462 705.52
430.208 444.432
372.89 425.243
211.819 328.117
196.204 358.869
459.391 342.036
201.274 694.615
750.686 540.373
205.831 675.818
279.854 372.795
293.855 399.311
354.021 400.267
1256.16 686.337
1316.15 704.981
1393.1 607.549
733.632 647.588
504.574 669.396
504.637 669.38
460.812 340.992
166.782 454.361
1051.53 114.176
1334.35 1026.3
1032.61 770.037
1023.39 775.085
869.494 632.067
1437.84 514.347
1206.74 459.01
