35.9198 853.844
35.9417 853.892
35.9478 853.934
35.9061 853.932
1298.96 315.403
738.374 335.88
722.56 334.721
684.509 330.598
1115.86 477.487
782.525 342.295
1111.26 475.663
622.206 328.419
623.829 324.833
1193.32 289.81
1215.22 220.366
1226.71 19.9687
1175.82 37.3549
1338.23 214.072
655.174 340.778
1044.76 610.225
668.974 329.322
1152.21 120.556
1128.73 151.727
1115.57 202.26
897.066 989.634
869.962 1008.13
926.37 901.728
961.535 748.574
1318.12 865.487
1319.14 865.507
1338.25 214.115
1052.02 93.7799
208.68 294.364
537.628 1125.25
765.049 891.181
744.707 884.39
962.432 748.314
1167.65 1059.52
1196.68 891.398
