621.957 579.55
781.105 798.783
489.617 471.8
666.45 448.345
622.26 586.603
517.702 791.638
643.093 451.077
787.556 525.146
505.934 483.174
1075.69 261.778
1156.87 239.662
621.961 579.533
666.367 448.388
643.154 451.069
1075.81 261.768
1156.91 239.644
1048.94 159.687
1044.97 186.977
507.786 488.776
621.974 579.532
666.431 448.345
643.129 451.089
494.148 478.715
503.335 392.331
506.1 483.268
1048.94 159.702
495.041 475.114
507.905 488.761
621.977 579.522
666.373 448.414
653.241 451.986
643.123 451.092
787.573 525.134
505.973 483.221
1156.88 239.659
1048.93 159.75
494.911 475.087
507.779 488.789
621.978 579.548
645.993 451.45
666.48 448.303
787.559 525.115
505.988 483.245
1156.86 239.646
1048.93 159.708
621.973 579.554
482.146 712.244
780.923 798.602
643.096 451.073
787.566 525.117
503.353 392.304
505.932 483.206
1075.74 261.777
1156.85 239.678
1048.94 159.669
494.949 475.07
507.853 488.76
621.982 579.556
478.229 698.402
645.972 451.448
666.465 448.337
622.277 586.657
643.121 451.09
503.311 392.344
505.89 483.231
1075.75 261.78
1156.88 239.65
495.008 475.139
507.968 488.769
621.992 579.538
780.989 798.65
666.354 448.417
622.29 586.54
643.16 451.089
787.575 525.181
506.008 483.184
1075.74 261.785
1156.89 239.665
1048.95 159.755
494.938 475.055
621.971 579.547
470.225 670.25
781.008 798.677
666.406 448.383
581.162 870.283
643.214 451.09
503.328 392.323
506.188 483.237
1156.9 239.668
1048.93 159.728
494.95 475.086
570.863 847.701
621.974 579.547
462.85 658.491
574.588 856.589
622.356 586.606
572.694 852.509
643.067 451.069
505.911 483.179
1156.85 239.655
1048.92 159.786
495.043 475.117
621.969 579.554
458.624 647.97
562.155 832.313
569.598 840.016
781.001 798.682
666.436 448.358
643.055 451.085
503.32 392.326
505.988 483.271
1075.68 261.775
940.417 337.775
1156.95 239.648
1048.93 159.745
507.878 488.773
453.806 635.829
621.982 579.538
553.085 817.662
560.679 825.105
666.41 448.375
622.295 586.634
643.081 451.08
503.359 392.323
1075.76 261.767
1156.8 239.668
495.008 475.137
507.897 488.772
449.377 623.497
621.962 579.548
548.04 802.397
553.452 805.749
555.238 809.687
666.468 448.313
622.294 586.674
643.06 451.073
787.563 525.112
453.819 627.996
503.287 392.362
505.982 483.213
1075.6 261.785
1156.9 239.648
1048.93 159.751
507.811 488.782
449.108 611.583
621.985 579.553
543.022 788.719
548.138 792.335
549.572 796.429
666.393 448.383
622.271 586.618
643.181 451.103
503.317 392.353
505.971 483.218
453.36 616.426
1048.93 159.681
494.943 475.072
507.811 488.788
518.923 757.646
541.862 773.135
449.62 600.839
621.988 579.563
499.451 450.517
666.449 448.331
515.187 755.414
643.133 451.097
453.022 605.506
505.893 483.199
1075.73 261.792
1048.93 159.691
495.042 475.113
507.83 488.776
455.367 589.342
621.982 579.551
538.78 764.284
622.27 586.564
643.098 451.088
787.587 525.221
506.001 483.236
1075.69 261.781
495.012 475.121
507.898 488.742
621.964 579.56
532.446 751.52
502.701 453.472
666.418 448.362
643.104 451.101
505.97 483.215
1075.71 261.774
1156.88 239.661
1048.92 159.712
494.932 475.085
472.575 564.424
621.986 579.532
528.79 739.259
666.318 448.445
643.092 451.099
787.568 525.211
505.933 483.212
1075.6 261.779
1156.81 239.667
1048.91 159.709
494.945 475.101
483.913 550.946
621.973 579.561
522.752 729.427
524.867 733.053
666.46 448.329
643.019 451.055
787.559 525.146
503.334 392.353
505.893 483.242
1156.87 239.665
1048.94 159.649
495.048 475.157
490.051 537.629
621.996 579.556
518.626 719.126
520.524 722.366
653.25 451.99
643.189 451.113
1156.89 239.648
1048.91 159.659
494.955 475.089
621.989 579.534
514.874 713.502
781.005 798.732
666.443 448.348
643.081 451.099
505.82 483.226
1075.77 261.796
1156.89 239.653
423.198 378.926
504.553 517.086
476.888 675.767
487.115 680.891
510.418 700.018
659.801 451.017
483.403 678.495
744.457 532.875
486.184 673.498
644.227 455.91
1073.74 248.874
507.039 441.501
511.511 508.152
477.257 669.475
483.307 501.039
480.862 665.26
755.209 526.156
491.153 677.814
499.268 701.298
370.575 508.524
480.873 655.526
497.527 679.212
658.664 447.928
480.135 647.448
492.457 697.583
491.921 686.814
1153.87 223.63
474.454 639.187
374.838 522.599
540.778 468.842
545.929 463.181
634.512 440.777
484.572 611.473
399.229 671.797
628.726 580.086
484.799 606.834
400.078 683.409
409.686 706.361
649.157 449.268
411.69 719.585
483.16 589.897
486.193 586.591
477.159 602.401
476.953 600.897
439.76 618.215
483.248 615.365
639.968 444.92
649.068 1035.03
455.935 692.964
460.589 709.437
552.08 592.515
464.622 724.492
387.337 474.644
466.445 740.313
625.694 563.781
600.055 589.633
482.215 772.901
586.353 778.784
492.427 787.418
607.827 605.036
490.385 792.718
611.739 592.232
497.242 811.29
503.926 826.14
410.496 475.632
501.676 831.584
507.827 488.617
508.116 852.712
517.907 872.955
515.931 878.492
638.613 593.415
642.102 592.905
397.393 487.968
374.874 514.654
394.346 492.591
640.002 609.104
397.717 494.139
648.283 603.463
376.34 519.404
389.822 473.929
397.278 503.129
400.616 506.193
379.91 528.165
575.794 1018.86
402.014 511.003
397.174 491.216
398.159 496.452
389.113 550.102
400.637 500.184
413.285 529.442
403.421 504.574
397.951 559.012
678.466 975.022
663.55 952.459
401.552 565.149
420.302 538.247
356.893 627.862
424.009 545.021
407.365 571.017
652.574 935.324
656.607 942.642
411.578 578.666
408.441 631.809
645.917 922.036
430.649 549.815
422.506 525.247
414.058 579.004
635.091 903.089
649.04 602.814
434.044 555.45
437.701 560.61
442.038 565.836
427.63 594.518
641.985 597.486
648.244 604.048
642.965 611.92
427.097 605.094
415.029 608.699
439.272 550.702
429.875 618.294
440.81 555.988
652.331 603.429
425.086 631.479
430.85 639.176
660.803 606.055
457.345 604.901
461.516 612.385
462.568 629.319
641.201 439.742
452.573 672.28
448.934 682.338
443.944 695.208
448.771 692.552
426.735 701.979
449.05 701.144
452.649 710.324
643.663 1095.43
516.66 667.059
429.795 694.564
621.698 1061.93
460.741 741.808
446.828 752.604
510.727 646.906
465.96 751.888
464.88 757.077
475.95 762.185
500.897 642.185
473.585 767.215
458.148 776.041
482.604 773.199
487.979 785.126
488.461 799.747
488.249 817.778
496.01 826.492
498.295 837.315
494.457 832.302
483.143 593.68
501.832 838.466
500.504 845.312
480.874 586.331
414.59 612.909
416.183 618.012
513.439 852.254
421.377 604.601
519.52 868.23
518.251 874.634
527.35 884.315
529.484 895.491
525.05 890.14
431.424 583.905
434.894 588.57
537.082 900.771
512.654 840.136
448.037 569.555
551.509 933.616
554.551 945.306
557.219 949.339
560.365 961.975
416.667 600.593
566.671 966.397
570.714 965.935
569.767 979.977
565.31 974.485
570.982 987.742
573.604 1002.76
568.441 995.205
579.499 1009.17
576.983 1016.38
520.084 545.458
583.986 1025.91
589.372 1036.04
592.997 1033.35
415.079 580.92
618.867 412.004
519.332 549.906
596.264 1055.03
413.742 581.312
608.07 1078.26
595.835 416.147
616.986 1100.84
620.614 1097.59
619.558 1112.75
407.102 571.327
629.534 1124.57
404.725 578.102
637.175 1150.03
404.247 575.54
559.927 422.92
401.63 574.141
570.695 416.039
532.826 552.054
492.403 458.08
489.552 468.926
548.989 419.816
525.684 428.276
458.357 440.185
420.008 671.214
416.017 475.275
678.812 406.307
420.817 482.67
341.641 494.525
339.997 483.855
419.316 487.623
649.189 411.519
634.667 414.094
515.45 467.528
424.5 493.823
423.995 492.383
619.889 416.47
426.798 495.69
435.394 563.052
591.918 420.076
339.066 515.418
945.303 179.514
577.48 422.25
341.192 520.613
1163.22 857.526
405.359 502.987
859.323 211.526
876.945 901.904
544.746 427.55
794.575 807.149
926.513 951.101
1416.81 326.427
1100.99 735.562
656.913 514.147
944.963 243.579
762.484 219.456
956.439 243.669
343.5 604.654
