890.846 505.65
908.733 659.531
810.05 397.256
1050.85 414.946
889.899 514.091
652.425 589.345
1018.68 412.152
1113.16 482.5
826.169 415.291
1459.78 178.648
1594.13 168.383
890.842 505.651
1051.01 414.976
1018.73 412.186
1459.81 178.62
1593.81 168.417
1454.68 55.2327
1450.64 88.0415
827.97 424.509
890.813 505.642
1050.95 414.872
1018.68 412.154
813.22 406.893
897.453 341.383
826.429 415.363
1454.71 54.9971
817.145 402.969
828.038 424.461
890.88 505.688
1051 414.978
1032.66 415.919
1018.74 412.247
1113.2 482.519
826.125 415.357
1593.96 168.464
1454.82 55.1736
817.207 403.007
828.17 424.494
890.881 505.664
1021.75 413.35
1050.96 414.899
1113.16 482.54
826.351 415.341
1593.93 168.482
1454.79 55.019
890.852 505.623
658.404 546.723
908.817 659.716
1018.66 412.154
1113.15 482.454
897.318 341.399
826.129 415.356
1459.74 178.606
1593.98 168.34
1454.75 55.0516
817.171 402.927
827.892 424.41
890.846 505.606
661.638 539.917
1021.77 413.337
1051.1 414.837
889.891 514.157
1018.63 412.133
897.418 341.366
826.239 415.33
1459.91 178.622
1593.96 168.367
817.219 402.978
828.035 424.377
890.814 505.7
908.793 659.722
1051.11 414.877
889.891 514.372
1018.63 412.244
1113.15 482.56
825.963 415.316
1460.13 178.702
1594.03 168.481
1454.76 55.0269
817.166 403.037
890.826 505.706
668.023 522.37
908.78 659.728
1050.98 414.882
675.552 641.164
1018.69 412.149
897.445 341.413
826.43 415.394
1594.05 168.41
1454.63 55.2883
817.174 402.973
675.358 626.64
890.847 505.647
666.864 515.163
677.377 636.779
889.93 514.242
676.085 631.722
1018.63 412.113
826.432 415.405
1593.65 168.408
1454.75 55.1074
817.196 402.947
890.801 505.717
668.681 509.241
674.746 618.247
680.613 628.841
908.769 659.676
1051 414.905
1018.72 412.161
897.324 341.436
826.299 415.35
1459.89 178.628
1280.07 248.804
1593.92 168.371
1454.62 55.0341
828.014 424.411
670.307 501.822
890.84 505.618
673.684 610.635
679.825 620.975
1051.01 414.814
889.912 513.924
1018.71 412.172
897.429 341.382
1459.84 178.628
1593.9 168.39
817.19 402.958
828.071 424.424
672.114 493.223
890.868 505.597
676.506 603.5
681.449 608.781
682.551 613.587
1050.97 414.883
889.979 514.107
1018.68 412.205
1113.15 482.508
675.798 499.524
897.464 341.415
826.831 415.628
1459.9 178.726
1593.96 168.4
1454.69 54.9989
827.846 424.456
678.161 485.645
890.825 505.663
678.973 597.037
683.754 602.975
684.418 607.674
1050.83 414.898
889.857 514.308
1018.72 412.193
897.368 341.4
826.197 415.289
681.412 491.804
1454.7 54.909
817.167 403.027
827.848 424.469
672.846 580.38
685.789 589.546
684.772 479.945
890.845 505.666
827.093 372.285
1050.77 414.976
669.898 576.69
1018.66 412.17
687.445 486.319
826.324 415.406
1459.99 178.659
1454.78 55.1482
817.236 402.992
827.886 424.436
697.691 474.255
890.831 505.675
689.05 587.682
889.903 514.069
1018.69 412.224
1113.15 482.554
826.199 415.398
1459.89 178.659
817.202 403.039
828.024 424.441
890.838 505.575
689.279 580.024
830.38 376.723
1051.04 414.799
1018.64 412.118
826.217 415.299
1459.89 178.606
1593.78 168.357
1454.73 55.1972
817.192 402.948
729.857 460.233
890.875 505.66
692.015 573.443
1050.99 414.916
1018.57 412.169
1113.12 482.561
826.235 415.396
1459.94 178.722
1593.89 168.415
1454.82 55.225
817.226 402.99
749.316 451.688
890.868 505.64
691.36 567.536
692.696 572.186
1051.08 414.835
1018.68 412.193
1113.15 482.48
897.27 341.453
826.267 415.393
1593.99 168.33
1454.63 55.1032
817.154 402.958
762.635 441.604
890.856 505.606
692.878 561.865
694.346 566.459
1032.2 415.871
1018.63 412.125
1593.96 168.384
1454.74 55.0887
817.201 402.989
890.849 505.63
693.84 561.304
908.798 659.703
1050.96 414.926
1018.62 412.179
826.23 415.368
1460.37 178.707
1593.85 168.404
806.135 316.419
790.973 428.33
672.379 527.98
681.71 536.36
695.418 550.953
1042.02 416.215
678.622 533.057
1054.88 480.684
682.595 528.738
1018.4 419.005
1463.34 162.779
839.096 363.788
804.939 423.104
677.196 526.854
788.242 425.276
681.76 523.464
1070.15 475.49
686.575 534.972
689.978 561.883
656.959 413.737
687.05 518.411
692.217 537.524
1041.19 411.939
691.07 512.698
686.855 561.505
687.994 549.105
1587.11 147.852
689.437 507.291
654.008 425.086
868.561 399.877
879.536 396.763
1013.01 399.526
715.434 492.351
604.404 526.259
898.57 508.113
718.272 489.207
599.524 531.138
598.472 546.437
1026.1 411.071
594.08 552.911
727.376 479.577
731.537 476.226
715.51 489.487
715.969 487.81
669.848 496.344
719.3 506.14
1017.52 405.383
659.491 711.864
647.357 543.101
644.499 552.39
795.549 488.945
640.819 561.714
695.223 388.397
634.771 568.093
891.552 478.576
848.238 495.852
633.823 586.611
727.01 604.723
635.699 592.719
852.887 513.179
633.037 597.498
859.014 497.891
630.394 607.668
627.839 611.226
723.863 397.327
624.92 616.678
829.52 423.84
621.114 626.321
620.186 634.3
617.787 640.12
885.483 501.56
888.489 501.442
700.828 404.968
656.598 415.886
694.538 408.057
883.61 520.49
696.499 408.175
893.298 514.051
655.541 419.002
691.85 379.989
692.065 416.778
693.925 419.61
653.846 425.024
611.28 702.974
692.873 423.621
690.871 394.582
688.685 398.667
652.217 442.371
688.814 401.251
694.057 438.215
689.088 404.605
656.298 449.038
708.433 694.458
706.804 684.979
656.795 453.6
696.312 444.978
572.03 466.958
696.93 450.901
659.933 458.6
705.534 676.363
707.885 684.215
660.638 464.422
628.871 496.279
708.288 674.239
701.425 455.31
697.756 422.294
663.324 466.265
707.571 664.77
893.321 512.999
701.919 460.123
702.809 464.061
704.468 467.916
668.152 477.685
886.14 504.127
891.539 513.6
885.062 522.808
662.526 484.085
645.459 479.653
699.645 440.899
657.381 490.762
698.205 444.186
892.58 509.613
643.849 494.821
645.768 500.439
899.805 512.222
697.891 495.892
698.13 500.996
689.848 511.1
1021.4 397.828
652.415 525.487
643.652 530.449
633.002 537.468
638.558 535.721
610.924 533.616
634.308 539.702
633.338 544.661
626.466 716.197
717.601 532.118
622.311 540.48
623.142 704.786
626.295 562.928
606.259 561.594
723.188 519.699
626.305 568.586
624.29 573.847
630.77 575.195
716.474 517.303
627.626 579.501
606.353 574.432
631.66 580.975
631.217 587.34
625.477 593.915
618.487 605.083
620.215 607.348
620.17 620.122
617.866 613.017
725.967 484.385
619.668 613.008
617.485 619.618
727.933 479.114
644.016 484.36
644.077 490.215
623.983 621.174
655.416 480.534
622.453 628.88
620.302 634.635
622.514 637.16
622.155 649.212
619.686 642.508
676.042 467.622
678.089 473.527
624.279 646.436
621.382 598.903
701.176 461.371
622.316 659.683
622.906 673.053
620.352 667.365
620.973 679.653
650.005 471.969
621.002 674.466
624.963 676.036
621.151 687.979
618.198 680.07
616.105 682.928
615.825 696.895
612.588 687.559
614.397 691.839
611.27 696.445
787.34 447.401
609.493 691.329
612.165 702.598
616.186 702.928
658.728 459.359
1018.58 370.545
785.487 452.849
609.968 708.912
657.211 459.445
610.63 718.557
984.302 369.635
608.576 726.092
612.442 726.216
608.992 739.276
654.309 449.311
609.444 735.154
650.12 456.904
605.568 742.917
651.348 455.872
932.525 368.497
649.157 454.07
952.006 364.923
800.465 458.582
816.498 380.028
810.642 394.135
921.447 364.308
885.618 367.595
795.575 366.308
626.249 531.893
723.327 388.535
1104.8 377.962
724.155 395.166
633.439 399.944
634.499 385.892
721.279 400.733
1060.43 377.31
1038.85 376.698
842.492 398.259
722.819 406.108
721.17 402.241
1017.54 376.294
722.12 405.03
703.998 473.004
977.817 374.09
615.934 408.68
1309.95 64.4877
957.473 373.545
615.014 412.159
1305.83 807.325
693.299 406.047
1246.43 100.777
932.158 716.692
911.987 372.376
916.255 664.558
945.72 742.136
1149.47 100.884
1511.93 864.247
943.744 431.77
1279.8 132.959
1163.45 112.093
1294.43 136.354
571.77 448.674
