0.636364
0.960784
0.973941
0.977492
0.965625
0.978193
0.959752
0.950769
0.96875
0.969136
0.969136
0.984326
0.972136
0.969325
0.975232
0.97205
0.981481
0.981424
0.978659
0.966967
0.966767
0.981651
0.957831
0.969419
0.978528
0.969605
0.975684
0.967164
0.96131
0.990937
0.985251
0.976471
0.982456
0.988304
0.982609
0.982709
0.98017
0.963989
0.97486
0.966851
0.980501
0.969613
0.969444
0.977778
0.977654
0.972299
0.97541
0.975741
0.968421
0.968586
0.968254
0.976064
0.97389
0.981627
0.976684
0.97416
0.974359
0.969388
0.976982
0.971795
0.981865
0.982051
0.97954
0.977099
0.977099
0.977157
0.987245
0.98731
0.987374
0.9925
0.987685
0.987775
0.980535
0.98063
0.978313
0.980861
0.98801
0.981221
0.981352
0.981481
0.979499
0.984018
0.972912
0.977273
0.981982
0.979911
0.98
0.971554
0.980263
0.976035
0.982609
0.976242
0.972163
0.976242
0.976293
0.980603
0.984946
0.985011
0.968421
0.974522
0.972516
0.980769
0.982906
0.980851
0.982833
0.978632
0.984946
0.974468
0.987069
0.984979
0.987179
0.978632
0.991379
0.980892
0.981092
0.981132
0.981132
0.985325
0.977083
0.971311
0.981481
0.985597
0.98152
0.987705
