456.681 997.126
941.506 388.001
456.693 997.2
941.586 387.511
456.664 997.165
941.6 387.748
941.635 387.501
456.944 997.115
941.606 387.408
456.778 997.156
941.629 387.597
457.063 997.305
941.527 387.682
919.922 453.675
456.904 997.31
919.831 453.431
941.514 387.849
456.758 997.251
941.595 387.936
456.776 997.048
905.38 498.948
919.846 453.735
941.488 387.667
919.998 453.57
941.628 387.579
456.639 997.227
953.466 350.271
962.346 328.152
980.403 269.98
974.092 290.304
926.616 434.294
933.284 410.988
987.358 248.946
993.262 229.523
1000.21 210.431
942.888 423.887
883.391 566.021
956.482 380.759
1298.89 315.403
1006.12 191.758
343.939 131.028
601.695 576.211
129.514 64.1833
1107.81 247.286
930.757 207.263
969.912 339.868
622.529 840.819
534.32 1072.32
304.97 1167.32
1162.87 1053.15
1379.08 239.162
1324.22 224.871
1310.11 283.733
