402.675 623.53
678.661 838.678
402.719 623.424
678.675 838.701
402.584 623.504
678.693 838.713
678.681 838.664
402.565 623.443
678.609 838.621
402.824 623.542
678.576 838.585
402.634 623.511
678.683 838.685
652.614 804.152
402.75 623.462
652.617 804.063
678.777 838.784
402.567 623.527
678.666 838.715
402.681 623.454
636.812 782.815
652.609 804.093
678.649 838.691
652.548 804.088
678.791 838.806
402.68 623.509
695.663 861.209
704.44 873.865
735.307 914.932
724.203 900.08
659.791 813.636
669.754 826.179
747.28 930.546
758.649 945.586
770.978 962.975
657.749 825.572
615.5 754.114
675.812 849.049
476.153 997.218
782.248 977.919
1230.28 925.525
407.869 369.545
1256.98 872.79
669.365 985.844
770.07 856.096
692.537 871.31
612.274 631.379
569.544 583.759
608.474 533.404
297.896 594.886
433.598 1045.73
490.098 1035.1
461.007 974.917
