0.0477419
0.361446
0.318182
0.416667
0.231579
0.440678
0.45098
0.396226
0.47619
0.428571
0.678571
0.486486
0.529412
0.322034
0.533333
0.322034
0.323077
0.463415
0.526316
0.392157
0.444444
0.37037
0.625
0.487179
0.452381
0.418605
0.53125
0.461538
0.526316
0.454545
0.588235
0.566667
0.5
0.327586
0.25641
0.338983
0.333333
0.367347
0.328125
0.465116
0.404255
0.345455
0.407407
0.511111
0.52381
0.645161
0.521739
0.619048
0.896552
0.75
0.823529
0.777778
0.8
0.777778
0.717949
0.828571
0.810811
0.769231
0.75
0.837838
0.815789
0.815789
0.815789
0.775
0.738095
0.837838
0.775
0.780488
0.761905
0.761905
0.785714
0.702128
0.6875
0.611111
0.636364
0.714286
0.72
0.782609
0.75
0.8
0.75
0.878049
0.782609
0.818182
0.765957
0.75
0.837209
0.804348
0.770833
0.840909
0.787234
0.883721
0.791667
0.826087
0.77551
0.847826
0.784314
0.784314
0.909091
0.869565
0.788462
0.754717
0.78
0.847826
0.8125
0.8125
0.906977
0.847826
0.8125
0.847826
0.866667
0.886364
0.847826
0.847826
0.847826
0.8125
0.886364
0.866667
0.906977
0.78
0.866667
0.886364
0.886364
0.906977
0.847826
0.886364
0.829787
0.795918
0.847826
0.906977
0.829787
0.847826
0.886364
0.795918
0.866667
0.886364
