0.382979
0.524752
0.505155
0.649351
0.770492
0.623377
0.684932
0.569892
0.768116
0.666667
0.653846
0.724638
0.649351
0.684211
0.6625
0.722222
0.666667
0.704225
0.617284
0.704225
0.776119
0.644737
0.621951
0.676056
0.720588
0.757576
0.690141
0.704225
0.657895
0.735294
0.68
0.710145
0.617284
0.694444
0.742424
0.680556
0.666667
0.675325
0.714286
0.708333
0.671053
0.708333
0.581395
0.641026
0.684932
0.6125
0.671233
0.628205
0.694444
0.693333
0.742424
0.649351
0.625
0.753846
0.690141
0.720588
0.787879
0.675676
0.693333
0.712329
0.653846
0.675325
0.684211
0.726027
0.65
0.702703
0.658537
0.658537
0.658228
0.666667
0.684211
0.714286
0.710526
0.72
0.733333
0.736111
0.684211
0.753623
0.69863
0.684211
0.697368
0.714286
0.712329
0.684211
0.726027
0.654321
0.689189
0.653846
0.722222
0.712329
0.71831
0.702703
0.662338
0.75
0.753623
0.666667
0.73913
0.728571
0.694444
0.657895
0.702703
0.761194
0.658228
0.75
0.708333
0.617284
0.658537
0.714286
0.607143
0.675676
0.722222
0.71831
0.772727
0.71831
0.728571
0.753623
0.671053
0.708333
0.71831
0.689189
0.657895
0.65
0.753623
0.69863
0.75
0.708333
0.732394
0.784615
0.689189
0.746479
0.716216
